idx_num,filename,score,distance_error,final_coordinates_x,final_coordinates_y,final_coordinates_z,target_x,target_y,target_z,spacing_x,spacing_y,spacing_z
1,burdeos_112,22.588768345174966,41.54250034589902,117,122,249,124,147,176,1.0,1.0,0.44426229596138
2,burdeos_114,33.88494350771519,36.56465896580606,120,171,167,161,164,231,0.64453125,0.64453125,0.38852459192276
3,burdeos_116,13.699669743605185,44.35899472720282,127,152,273,145,126,203,0.83984375,0.83984375,0.5
4,burdeos_140,-30.147262054466218,54.81805837933972,183,137,106,127,179,163,0.6875,0.6875,0.4734354019165039
5,burdeos_144,49.86984665333809,44.23076973032705,125,176,199,115,133,204,1.0,1.0,0.5426229238510132
6,burdeos_168,-38.837973516887615,65.45208943754193,149,75,304,150,154,212,0.66015625,0.66015625,0.4298185706138611
7,burdeos_186,-4.368840756054446,54.29882335258977,153,75,242,139,159,210,0.61328125,0.61328125,0.46433785557746887
8,burdeos_199,-9.854041967712924,73.38827274430793,80,119,271,134,173,192,0.81640625,0.81640625,0.4780133366584778
9,burdeos_208,25.297363615311717,60.03909493919373,82,148,297,134,147,222,0.7578125,0.7578125,0.5949366688728333
10,burdeos_38,48.21191875153376,24.861422785158684,116,130,267,129,128,224,0.87109375,0.87109375,0.5131147503852844
11,burdeos_85,13.869603513498177,47.529389922560966,62,136,261,113,156,204,0.703125,0.703125,0.48852458596229553
12,burdeos_90,59.69685994740058,23.100034729224493,105,113,238,128,124,219,0.84375,0.84375,0.38852459192276
13,burdeos_111,-12.67393904473882,55.714458623386236,80,142,273,139,138,214,0.76171875,0.76171875,0.5557377338409424
