idx_num,filename,score,distance_error,final_coordinates_x,final_coordinates_y,final_coordinates_z,target_x,target_y,target_z,spacing_x,spacing_y,spacing_z
1,burdeos_112,25.821628149185123,3.8644824608635395,127,148,181,124,147,176,1.0,1.0,0.44426229596138
2,burdeos_114,52.213137575810656,4.837721209144442,157,166,221,161,164,231,0.64453125,0.64453125,0.38852459192276
3,burdeos_116,31.708115623944096,3.0501434792712008,148,127,200,145,126,203,0.83984375,0.83984375,0.5
4,burdeos_140,35.555882852451724,2.714315250041061,129,177,166,127,179,163,0.6875,0.6875,0.4734354019165039
5,burdeos_144,83.18467416590832,3.5566777668770615,116,130,201,115,133,204,1.0,1.0,0.5426229238510132
6,burdeos_168,46.69354846031302,4.866250074080575,152,158,221,150,154,212,0.66015625,0.66015625,0.4298185706138611
7,burdeos_186,60.80683502452725,2.541390453820313,137,157,206,139,159,210,0.61328125,0.61328125,0.46433785557746887
8,burdeos_199,70.52464156552969,2.8945630776924745,136,173,197,134,173,192,0.81640625,0.81640625,0.4780133366584778
9,burdeos_208,87.62100214370051,3.727029193501792,135,146,216,134,147,222,0.7578125,0.7578125,0.5949366688728333
10,burdeos_38,73.86279195449515,2.014276136359726,128,127,225,129,128,224,0.87109375,0.87109375,0.5131147503852844
11,burdeos_85,73.07486286574247,0.8561781571113761,114,155,205,113,156,204,0.703125,0.703125,0.48852458596229553
12,burdeos_90,68.44633136119351,2.2798272057808853,129,125,214,128,124,219,0.84375,0.84375,0.38852459192276
13,burdeos_111,73.51580297251962,0.942899720498542,139,138,214,139,138,214,0.76171875,0.76171875,0.5557377338409424
