idx_num,filename,score,distance_error,final_coordinates_x,final_coordinates_y,final_coordinates_z,target_x,target_y,target_z,spacing_x,spacing_y,spacing_z
1,burdeos_101,52.381669809815136,3.8959336429404585,123,138,200,125,143,198,0.69921875,0.69921875,0.5
2,burdeos_102,64.70032280027236,2.1164373108084242,121,175,234,120,176,231,0.921875,0.921875,0.5557377338409424
3,burdeos_104,63.95092776516097,1.1159028890600202,116,154,210,117,155,210,0.7890625,0.7890625,0.5
4,burdeos_109,22.613668523100912,2.078730674190457,120,150,174,119,152,172,0.90234375,0.90234375,0.5
5,burdeos_11,101.49367097772863,1.3770544230937958,108,142,196,108,142,192,1.02734375,1.02734375,0.45901814103126526
6,burdeos_112,88.56478526700808,3.282730706061021,127,148,181,124,148,184,1.0,1.0,0.44426229596138
7,burdeos_113,39.686812275287174,5.4642174694840495,124,160,196,128,156,197,0.9609375,0.9609375,0.5557377338409424
8,burdeos_114,21.15680210220048,5.327637763940468,157,165,218,160,165,230,0.64453125,0.64453125,0.38852459192276
9,burdeos_12,68.5665232749144,5.603082299056475,149,167,208,151,162,201,0.8125,0.8125,0.5
10,burdeos_128,43.83182053993757,4.113940511500863,161,144,243,165,145,238,0.7890625,0.7890625,0.5035860538482666
11,burdeos_13,48.9600552403013,3.3162557624103237,141,148,226,138,150,230,0.97265625,0.97265625,0.46294376254081726
12,burdeos_135,88.6175199425936,1.7927348825401126,135,172,198,134,173,201,0.83984375,0.83984375,0.44761383533477783
13,burdeos_138,60.734318827526266,7.187674342622199,157,134,169,161,142,163,0.7421875,0.7421875,0.4593255817890167
14,burdeos_139,70.34060552657914,2.5158933112255246,150,156,206,148,158,207,0.875,0.875,0.4524590075016022
15,burdeos_14,38.80389134921674,3.9621084934951254,133,149,221,134,148,212,0.9921875,0.9921875,0.4117027521133423
16,burdeos_140,69.61279229856126,4.998243015770246,129,177,166,124,181,162,0.6875,0.6875,0.4734354019165039
17,burdeos_141,63.05312682349097,3.758985712686014,129,142,200,131,144,205,0.98046875,0.98046875,0.507520318031311
18,burdeos_142,71.71745625487611,1.6268441998682537,129,145,222,128,147,220,0.640625,0.640625,0.3855580687522888
19,burdeos_143,55.48360037655123,2.0,117,142,212,117,141,208,0.8125,0.8125,0.5
20,burdeos_144,102.73214405773925,5.116420482129522,116,130,201,113,134,203,1.0,1.0,0.5426229238510132
21,burdeos_147,88.82436473616767,4.901248841593754,137,166,188,141,166,180,0.84375,0.84375,0.44426229596138
22,burdeos_149,34.63583343988418,1.077232986963881,135,142,199,136,144,199,0.76171875,0.76171875,0.5
23,burdeos_150,60.78732893593261,2.4615492459672463,132,185,180,131,186,185,0.75,0.75,0.44426229596138
24,burdeos_153,26.860679508266436,4.071894186447507,140,155,204,140,160,200,0.88671875,0.88671875,0.5
25,burdeos_154,40.03705245759664,1.280851547518147,145,158,203,146,159,205,0.65234375,0.65234375,0.44426229596138
26,burdeos_155,49.11195484191165,0.9065682267523845,141,142,219,139,142,220,0.8359375,0.8359375,0.3508196771144867
27,burdeos_157,42.756020900108126,1.484375,153,154,208,151,154,208,0.7421875,0.7421875,0.44426229596138
28,burdeos_159,50.612569611561526,3.858307354855397,134,155,181,136,151,182,0.85546875,0.85546875,0.5
29,burdeos_16,83.46944500555377,2.5080193645210356,131,134,241,133,137,241,0.88671875,0.88671875,0.5557377338409424
30,burdeos_161,39.759167680262586,1.53125,112,142,197,112,144,197,0.765625,0.765625,0.44426229596138
31,burdeos_163,49.20854962406944,6.030506229008162,129,132,204,121,130,205,0.703125,0.703125,0.5262295007705688
32,burdeos_165,36.30803662836445,12.640099287005286,156,144,226,164,160,229,0.73828125,0.73828125,0.5
33,burdeos_166,37.70268053325804,4.432617940522353,142,145,179,149,142,179,0.58203125,0.58203125,0.3655737638473511
34,burdeos_167,52.31875838327718,4.498123367937596,138,149,211,136,154,209,0.81640625,0.81640625,0.4754098355770111
35,burdeos_168,67.26466016272252,4.038511626449137,152,158,221,151,152,220,0.66015625,0.66015625,0.4298185706138611
36,burdeos_169,68.07177308583368,1.1103786173320005,148,171,236,147,172,236,0.78515625,0.78515625,0.48261559009552
37,burdeos_170,54.44505256723815,1.7573792293278734,162,174,176,163,176,177,0.76171875,0.76171875,0.43278688192367554
38,burdeos_171,70.42432279857346,2.0599737889591436,149,144,180,148,145,175,0.87890625,0.87890625,0.32854464650154114
39,burdeos_172,54.435930069416216,2.256127493845244,143,138,230,146,138,232,0.6953125,0.6953125,0.4298185706138611
40,burdeos_173,77.83246351815421,4.258286378550342,129,126,192,131,130,187,0.71484375,0.71484375,0.5626000761985779
41,burdeos_174,36.49856829989339,5.2358961204989125,134,162,199,134,157,192,0.69921875,0.69921875,0.5568119287490845
42,burdeos_175,76.10556738009457,1.6898766472682496,141,152,219,140,153,217,0.87890625,0.87890625,0.572435736656189
43,burdeos_176,16.27577460958304,142.78851448435384,160,135,205,71,-94,204,0.58203125,0.58203125,0.5163724422454834
44,burdeos_177,47.11858303210981,1.7357921719950946,152,157,237,151,156,234,0.69140625,0.69140625,0.4780619740486145
45,burdeos_178,51.765383418488945,1.3270501578164804,129,178,212,128,179,213,0.8828125,0.8828125,0.44982919096946716
46,burdeos_179,53.257388862947245,1.179767547122847,135,169,228,133,170,229,0.76171875,0.76171875,0.4810619056224823
47,burdeos_18,79.94861059963452,2.8141138161676156,124,147,231,123,151,229,0.84375,0.84375,0.44724041223526
48,burdeos_180,53.21710494757192,2.8962398173846515,136,150,197,137,153,199,0.859375,0.859375,0.5007372498512268
49,burdeos_181,24.864171064898315,3.931690007329545,142,167,164,145,171,163,0.78125,0.78125,0.4465391933917999
50,burdeos_182,79.00277974714072,3.0060787263394912,158,134,190,155,136,187,0.6640625,0.6640625,0.6058769822120667
51,burdeos_183,21.009941632337387,178.00636380472952,147,159,217,47,-29,218,0.8359375,0.8359375,0.5134217143058777
52,burdeos_184,79.92735483232566,1.9518626404290975,137,157,253,139,156,254,0.8515625,0.8515625,0.42892226576805115
53,burdeos_185,58.185218202018554,3.6716535129684926,142,136,190,141,133,184,0.66796875,0.66796875,0.5005335211753845
54,burdeos_186,66.37248281167618,4.693635622522578,137,157,206,140,164,207,0.61328125,0.61328125,0.46433785557746887
55,burdeos_188,67.68725466344115,1.8040889643805333,132,165,198,134,167,197,0.7734375,0.7734375,0.513526201248169
56,burdeos_19,54.522152174610994,1.3789811801572636,143,139,239,144,139,236,0.8359375,0.8359375,0.3655737638473511
57,burdeos_190,58.05249474872246,2.9961982317532208,142,153,200,145,154,205,0.58203125,0.58203125,0.48696449398994446
58,burdeos_191,72.65177012789732,2.509131251338924,108,168,213,107,171,213,0.78515625,0.78515625,0.3619893193244934
59,burdeos_192,91.35419083066868,3.1623301456491206,133,150,188,136,149,191,0.89453125,0.89453125,0.47122421860694885
60,burdeos_193,29.23990192327432,1.966198240890724,150,160,188,150,158,186,0.7421875,0.7421875,0.5271916389465332
61,burdeos_194,36.022955884995824,1.4002569006660204,148,144,213,147,145,211,0.859375,0.859375,0.5527644157409668
62,burdeos_195,66.7238938178797,12.944691767932948,145,176,218,160,174,201,0.64453125,0.64453125,0.5006353855133057
63,burdeos_196,48.93714745060343,3.33984375,167,135,175,169,130,175,0.66796875,0.66796875,0.58632493019104
64,burdeos_197,52.52587414928515,3.3310882019598527,135,170,163,136,174,158,0.70703125,0.70703125,0.49385085701942444
65,burdeos_198,71.09825217305489,11.776078991554725,153,180,193,151,187,172,0.7265625,0.7265625,0.5010141730308533
66,burdeos_199,37.9255527879209,5.104033766700274,136,173,197,130,173,194,0.81640625,0.81640625,0.4780133366584778
67,burdeos_2,68.50033876124428,2.777941913138057,144,155,147,141,155,148,0.9140625,0.9140625,0.44426229596138
68,burdeos_200,52.40034104227067,1.7513488555854968,155,114,222,153,113,219,0.72265625,0.72265625,0.47407907247543335
69,burdeos_202,18.365805136188417,1.6064047280413805,155,146,219,154,143,218,0.640625,0.640625,0.7270035743713379
70,burdeos_203,33.31002927178656,2.2929978290043254,144,149,170,146,148,168,0.84765625,0.84765625,0.645219624042511
71,burdeos_204,31.74721071653663,2.114980976569293,152,143,203,150,145,202,0.7265625,0.7265625,0.5
72,burdeos_205,65.16115089158879,1.1290116707154036,137,147,200,137,148,198,0.75,0.75,0.4219500422477722
73,burdeos_206,44.33065477983961,6.6823667978465675,150,114,204,147,119,196,0.75,0.75,0.6315782070159912
74,burdeos_207,92.6248193916442,3.963939329197962,138,119,199,138,120,195,0.93359375,0.93359375,0.9631075263023376
75,burdeos_208,59.45284087378654,3.423468989930949,135,146,216,136,148,221,0.7578125,0.7578125,0.5949366688728333
76,burdeos_209,85.70294708854317,1.38880784540026,161,140,229,163,139,230,0.62109375,0.62109375,0.6492859721183777
77,burdeos_21,64.95527504289251,1.603390724809848,145,137,202,145,139,201,0.76171875,0.76171875,0.5
78,burdeos_210,93.22830095793088,1.5077104091996125,138,157,259,138,159,258,0.66015625,0.66015625,0.7279873490333557
79,burdeos_211,124.56283100558417,3.1240658893391373,133,130,245,136,132,243,0.92578125,0.92578125,0.8519419431686401
80,burdeos_213,79.34259101876094,1.5674689434602422,139,119,174,140,120,175,1.03125,1.03125,0.5744612812995911
81,burdeos_214,65.45585332990318,2.934796906391844,146,150,235,143,150,232,0.765625,0.765625,0.6089515686035156
82,burdeos_22,44.571808872886535,3.060124850623993,126,143,194,125,146,191,0.87109375,0.87109375,0.44426229596138
83,burdeos_23,59.010542937599624,2.349835380433323,138,138,215,139,138,211,0.76171875,0.76171875,0.5557377338409424
84,burdeos_25,68.96520164473137,5.84869239120511,124,156,223,126,155,237,0.90234375,0.90234375,0.3973785638809204
85,burdeos_26,9.010138865269749,1.9752088546872655,116,150,216,114,151,214,0.84765625,0.84765625,0.5557377338409424
86,burdeos_27,82.95547442425048,0.87890625,147,175,209,148,174,208,0.87890625,0.87890625,0.5
87,burdeos_28,67.86570485999579,0.83984375,121,143,208,121,142,208,0.83984375,0.83984375,0.38852459192276
88,burdeos_29,27.561498425804036,2.0381459561897812,145,155,213,146,157,215,0.8203125,0.8203125,0.44426229596138
89,burdeos_3,95.22057263003799,3.473003188529838,136,141,222,137,143,217,0.921875,0.921875,0.5590164065361023
90,burdeos_30,59.00235077058022,10.42480575438698,114,172,212,120,178,223,1.01953125,1.01953125,0.4508196711540222
91,burdeos_31,38.750312533327296,3.4463488040797414,118,163,201,119,167,207,0.63671875,0.63671875,0.3721311390399933
92,burdeos_32,53.20885717599803,2.357649882218505,131,162,208,129,162,203,0.66796875,0.66796875,0.38852459192276
93,burdeos_33,133.35289201775876,5.530339223967795,123,199,252,126,196,258,1.0468759536743164,1.0468759536743164,0.5491803288459778
94,burdeos_34,79.6833717936941,2.9015678447957995,120,143,216,121,146,216,0.90625,0.90625,0.4540983736515045
95,burdeos_35,43.0617176099966,6.132227926330962,152,151,200,146,155,196,0.765625,0.765625,0.6672131419181824
96,burdeos_36,71.4555590700811,1.3174528433434205,140,177,221,141,178,222,0.8671875,0.8671875,0.4813041388988495
97,burdeos_37,63.26643680033038,3.827281601526582,144,151,219,146,154,213,0.76171875,0.76171875,0.44426229596138
98,burdeos_38,99.69824117334704,5.012010386915064,127,127,224,128,125,215,0.87109375,0.87109375,0.5131147503852844
99,burdeos_39,88.86780215491817,2.9399300121877903,101,141,163,102,144,162,0.9296875,0.9296875,0.46032798290252686
100,burdeos_4,104.11465894450828,2.0147855031623325,165,140,184,164,141,183,1.21484375,1.21484375,1.0524590015411377
101,burdeos_40,59.76414887126123,0.9288028482359512,137,109,230,136,109,229,0.79296875,0.79296875,0.4836065471172333
102,burdeos_41,43.529013723780935,2.09765625,122,156,196,118,156,196,0.69921875,0.69921875,0.5
103,burdeos_42,78.74938557136338,2.2539028650321202,129,165,218,131,167,218,0.796875,0.796875,0.5163934230804443
104,burdeos_44,66.2156184426178,2.7186464371910346,127,173,228,124,174,226,0.8125,0.8125,0.44426229596138
105,burdeos_45,70.2729515939926,11.691079501718844,125,138,234,134,142,220,0.9140620231628418,0.9140620231628418,0.5327869057655334
106,burdeos_46,37.19929577153556,3.4411969668748337,146,146,262,141,147,264,0.66015625,0.66015625,0.3573770523071289
107,burdeos_47,47.79946878791216,2.6345879361250777,137,146,196,140,147,195,0.8203125,0.8203125,0.4603559672832489
108,burdeos_48,66.10349389678521,7.267220926874317,144,149,174,152,145,174,0.8125,0.8125,0.5
109,burdeos_49,90.57527941089913,6.132166752483164,109,187,179,111,192,175,1.0234375,1.0234375,0.6721311211585999
110,burdeos_5,64.49385336175308,5.649602300503839,129,125,214,126,125,227,0.84375,0.84375,0.38852459192276
111,burdeos_50,78.61528264464093,5.94352131983627,120,169,184,119,172,194,1.15234375,1.15234375,0.46953684091567993
112,burdeos_52,92.27876054098842,1.7465199585864903,111,136,214,111,138,213,0.82421875,0.82421875,0.577049195766449
113,burdeos_53,82.42385424385367,3.9106929155792036,125,161,218,123,164,222,0.99609375,0.99609375,0.38688525557518005
114,burdeos_54,92.20900792605167,3.119983002799158,124,188,199,127,190,203,0.91015625,0.91015625,0.44068261981010437
115,burdeos_55,122.27907601404816,2.144218177156017,122,165,208,123,166,211,0.91796875,0.91796875,0.5688524842262268
116,burdeos_56,62.58664960097715,2.601919384846809,145,132,227,144,131,224,0.97265625,0.97265625,0.47605830430984497
117,burdeos_59,79.5153303473942,5.218761350944429,92,166,194,95,168,199,1.0625,1.0625,0.5259337425231934
118,burdeos_6,64.0282557834723,2.633588998994528,125,150,206,124,150,211,0.828125,0.828125,0.5
119,burdeos_7,16.69570320751036,3.3054907502126225,140,168,138,138,165,142,0.65234375,0.65234375,0.38852459192276
120,burdeos_8,72.87292752942592,3.2960953998122005,138,147,213,140,151,214,0.90234375,0.90234375,0.5285165309906006
121,burdeos_85,30.918348215390804,2.5351532405606174,114,155,205,112,159,205,0.703125,0.703125,0.48852458596229553
122,burdeos_86,58.543532049381014,8.13092134687282,118,194,182,122,202,180,0.90234375,0.90234375,0.4934426248073578
123,burdeos_88,92.1697013562824,2.7634874013266693,122,168,224,119,168,225,0.90234375,0.90234375,0.5557377338409424
124,burdeos_89,77.77326227142336,2.081488848203447,155,138,178,156,140,176,0.81640625,0.81640625,0.5
125,burdeos_9,76.31204072185902,3.5228786060873434,143,151,216,140,151,221,0.79296875,0.79296875,0.519672155380249
126,burdeos_92,-18.288251102710543,47.852001483306225,101,160,293,155,121,181,0.546875,0.546875,0.27704918384552
127,burdeos_93,47.43350906250939,5.335119584092047,119,160,180,121,166,179,0.83984375,0.83984375,0.5
128,burdeos_96,15.778226049532226,5.331952552074908,127,139,189,132,142,185,0.84765625,0.84765625,0.5
129,burdeos_97,29.23933731864554,2.652380730772379,143,130,194,141,129,197,0.65234375,0.65234375,0.5557377338409424
130,burdeos_98,29.09723293510188,1.9548273830843095,150,150,217,149,150,215,0.83984375,0.83984375,0.5
131,burdeos_1,66.51924947606308,4.706679512272957,125,169,214,122,172,214,0.83203125,0.83203125,0.5
